###### Exercise 1
m11=2185009518812470266713980977591672001160104495906570899359329
m12=2829959501808824818968744543479596214902066890103603571190716
m13=2488773373073389824855058953944254285681363869733847010919619
m14=2903351574709552337015521886268657163608579148088889492054438
y11=162935749620444109872969676628557735855110794156738574730650631401980798927788880114037073383960432013291662159000
y12=180577856212268044905453951265943881014496973360420348707851024424113074719291223358677360479872565409018007799200
w1=118674347160075300731294
u1=1292323405965699583332436
###### Exercise 2
n2=6518794751213912339554398226798855884842134115176146907514831965664129856392796248640865436554888615351152669908027069349565406296496650618175914124126297683347000487881209530373473
p21=3673416836971456525081559090170129524369019417597601004252642294866558863644012254956864739
p22=1836708418485728262540779545085064762184509708798800502126321147433279431822006127478432369
q21=1774586179712815748621681089129657600838739131155547222508971439586183672551879789643977707
q22=887293089856407874310840544564828800419369565577773611254485719793091836275939894821988853
g2=4947913844771620965646012205688441693970892381656556732140228785819676393977177142973812374964019499507551137737775475470100495258532024321211310429705917209270743631111412049330727
###### Exercise 3
n3=56883035787711984709746044941908542353686385686186899224808550168570130599373860352095788384779540489857823324955874869023454311629006040145757300801857373311136373616834703698720687767415133707862955923122374860442203297671741563306466830616624206896198829489085738354508433316862759303677891522671529474506904063726123173713813214897636183655813117059136988876122740373869948913796320528588756389545342882412104619885392954149891201825840631741576411769027105134346649160147525354685786470318546790158102201249405929079909525535068583998347275436585524970641433416011762473727233504385817560114708978362632734235277
g3=20369851835940902712426521423805948101711087377429155349869297746666361752916100033866067965683024450388325635500301613807971382264678378221840170421011992645099055537237195576076668177800642436245231927780260570179819322568524738499633464590024389571223413410056415513797872062267049359106139833105067086212478053810478187557687933761916634929131345699858586394866979761473774522425543238771512839441949137222055080227660655056605965046347608416868189314925850086232163668828204843222093804294165076898466206967127535952300343118990943678456704578134029704903924374718474625381329515941103080117252131360895405353120
X3=24867970608027675738217006892082276451387710136489801365355541194764246418962874457302198274606793642514272147468657522121779004213504019318106527948698546135235300996016938772166575867515319945371847818130762851426617107292588799298691883150147160644802270290479777394864129945835742555363050791756178191216882111333556921157794552626034265904365179295052676098708425218463318005663618625440106388152571250664725180099216929131257514948239886888185340176998474955534598439669405380772543047416983177056613741760325073508733765564548799432936134779479608977767555007314354656194866012098506467043441687308963631807290
Y3=28998520360344491368516995989380879785258343479731170535371628423289766761803163020038444457306916248740211357264424420480281391558436217690793530540426607302487394207013485939542936716858945166903168149930331170041070526065931738903269303679722720880098663712503847152704705579679964030759116644630013190435147191796255618759609723935287269015442934736360487466584809738916090988352740867306741310964662966748901533907909485018360133425016675026340539560276683684776319371594452020616098374885074999748057217238603000967667377579359942880752289402101939796596788983560720870913243793344197744409889672912469695599276
###### Exercise 4
word4= 'incorporated'
encoded4= [15, 4, 17, 2, 7, 8, 13, 6]
C4= [19, 13, 26, 3, 26, 14, 5, 7, 10, 14, 7, 14, 19, 7, 11, 6, 26, 14, 10, 26, 19, 14, 15, 22, 19, 14, 22, 0, 4, 26, 3, 14, 7, 14, 19, 3, 26, 26, 14, 25, 0, 14, 9, 3, 15, 0, 19, 14, 15, 9, 14, 19, 13, 26, 14, 13, 15, 22, 10, 26, 14, 7, 0, 4, 14, 19, 13, 26, 14, 21, 7, 3, 1, 13, 14, 13, 7, 3, 26, 14, 7, 0, 4, 14, 19, 13, 26, 14, 13, 7, 19, 19, 26, 3, 14, 5, 26, 3, 26, 14, 13, 7, 20, 25, 0, 18, 14, 19, 26, 7, 14, 7, 19, 14, 25, 19, 14, 7, 14, 4, 15, 3, 21, 15, 22, 10, 26, 14, 5, 7, 10, 14, 10, 25, 19, 19, 25, 0, 18, 14, 11, 26, 19, 5, 26, 26, 0, 14, 19, 13, 26, 21, 14, 9, 7, 10, 19, 14, 7, 10, 6, 26, 26, 16, 14, 7, 0, 4, 14, 19, 13, 26, 14, 15, 19, 13, 26, 3, 14, 19, 5, 15, 14, 5, 26, 3, 26, 14, 22, 10, 25, 0, 18, 14, 25, 19, 14, 7, 10, 14, 7, 14, 1, 22, 10, 13, 25, 15, 0, 14, 3, 26, 10, 19, 25, 0, 18, 14, 19, 13, 26, 25, 3, 14, 26, 6, 11, 15, 5, 10, 14, 15, 0, 14, 25, 19, 14, 7, 0, 4, 14, 19, 7, 6, 23, 25, 0, 18, 14, 15, 20, 26, 3, 14, 25, 19, 10, 14, 13, 26, 7, 4, 14, 20, 26, 3, 12, 14, 22, 0, 1, 15, 21, 9, 15, 3, 19, 7, 11, 6, 26, 14, 9, 15, 3, 14, 19, 13, 26, 14, 4, 15, 3, 21, 15, 22, 10, 26, 14, 19, 13, 15, 22, 18, 13, 19, 14, 7, 6, 25, 1, 26, 14, 15, 0, 6, 12, 14, 7, 10, 14, 25, 19, 10, 14, 7, 10, 6, 26, 26, 16, 14, 25, 14, 10, 22, 16, 16, 15, 10, 26, 14, 25, 19, 14, 4, 15, 26, 10, 0, 19, 14, 21, 25, 0, 4, 14, 19, 13, 26, 14, 19, 7, 11, 6, 26, 14, 5, 7, 10, 14, 7, 14, 6, 7, 3, 18, 26, 14, 15, 0, 26, 14, 11, 22, 19, 14, 19, 13, 26, 14, 19, 13, 3, 26, 26, 14, 5, 26, 3, 26, 14, 7, 6, 6, 14, 1, 3, 15, 5, 4, 26, 4, 14, 19, 15, 18, 26, 19, 13, 26, 3, 14, 7, 19, 14, 15, 0, 26, 14, 1, 15, 3, 0, 26, 3, 14, 15, 9, 14, 25, 19, 14, 0, 15, 14, 3, 15, 15, 21, 14, 0, 15, 14, 3, 15, 15, 21, 14, 19, 13, 26, 12, 14, 1, 3, 25, 26, 4, 14, 15, 22, 19, 14, 5, 13, 26, 0, 14, 19, 13, 26, 12, 14, 10, 7, 5, 14, 7, 6, 25, 1, 26, 14, 1, 15, 21, 25, 0, 18, 14, 19, 13, 26, 3, 26, 10, 14, 16, 6, 26, 0, 19, 12, 14, 15, 9, 14, 3, 15, 15, 21, 14, 10, 7, 25, 4, 14, 7, 6, 25, 1, 26, 14, 25, 0, 4, 25, 18, 0, 7, 0, 19, 6, 12, 14, 7, 0, 4, 14, 10, 13, 26, 14, 10, 7, 19, 14, 4, 15, 5, 0, 14, 25, 0, 14, 7, 14, 6, 7, 3, 18, 26, 14, 7, 3, 21, 1, 13, 7, 25, 3, 14, 7, 19, 14, 15, 0, 26, 14, 26, 0, 4, 14, 15, 9, 14, 19, 13, 26, 14, 19, 7, 11, 6, 26, 14, 13, 7, 20, 26, 14, 10, 15, 21, 26, 14, 5, 25, 0, 26, 14, 19, 13, 26, 14, 21, 7, 3, 1, 13, 14, 13, 7, 3, 26, 14, 10, 7, 25, 4, 14, 25, 0, 14, 7, 0, 14, 26, 0, 1, 15, 22, 3, 7, 18, 25, 0, 18, 14, 19, 15, 0, 26, 14, 7, 6, 25, 1, 26, 14, 6, 15, 15, 23, 26, 4, 14, 7, 6, 6, 14, 3, 15, 22, 0, 4, 14, 19, 13, 26, 14, 19, 7, 11, 6, 26, 14, 11, 22, 19, 14, 19, 13, 26, 3, 26, 14, 5, 7, 10, 14, 0, 15, 19, 13, 25, 0, 18, 14, 15, 0, 14, 25, 19, 14, 11, 22, 19, 14, 19, 26, 7, 14, 25, 14, 4, 15, 0, 19, 14, 10, 26, 26, 14, 7, 0, 12, 14, 5, 25, 0, 26, 14, 10, 13, 26, 14, 3, 26, 21, 7, 3, 23, 26, 4, 14, 19, 13, 26, 3, 26, 14, 25, 10, 0, 19, 14, 7, 0, 12, 14, 10, 7, 25, 4, 14, 19, 13, 26, 14, 21, 7, 3, 1, 13, 14, 13, 7, 3, 26, 14, 19, 13, 26, 0, 14, 25, 19, 14, 5, 7, 10, 0, 19, 14, 20, 26, 3, 12, 14, 1, 25, 20, 25, 6, 14, 15, 9, 14, 12, 15, 22, 14, 19, 15, 14, 15, 9, 9, 26, 3, 14, 25, 19, 14, 10, 7, 25, 4, 14, 7, 6, 25, 1, 26, 14, 7, 0, 18, 3, 25, 6, 12, 14, 25, 19, 14, 5, 7, 10, 0, 19, 14, 20, 26, 3, 12, 14, 1, 25, 20, 25, 6, 14, 15, 9, 14, 12, 15, 22, 14, 19, 15, 14, 10, 25, 19, 14, 4, 15, 5, 0, 14, 5, 25, 19, 13, 15, 22, 19, 14, 11, 26, 25, 0, 18, 14, 25, 0, 20, 25, 19, 26, 4, 14, 10, 7, 25, 4, 14, 19, 13, 26, 14, 21, 7, 3, 1, 13, 14, 13, 7, 3, 26, 14, 25, 14, 4, 25, 4, 0, 19, 14, 23, 0, 15, 5, 14, 25, 19, 14, 5, 7, 10, 14, 12, 15, 22, 3, 14, 19, 7, 11, 6, 26, 14, 10, 7, 25, 4, 14, 7, 6, 25, 1, 26, 14, 25, 19, 10, 14, 6, 7, 25, 4, 14, 9, 15, 3, 14, 7, 14, 18, 3, 26, 7, 19, 14, 21, 7, 0, 12, 14, 21, 15, 3, 26, 14, 19, 13, 7, 0, 14, 19, 13, 3, 26, 26, 14, 12, 15, 22, 3, 14, 13, 7, 25, 3, 14, 5, 7, 0, 19, 10, 14, 1, 22, 19, 19, 25, 0, 18, 14, 10, 7, 25, 4, 14, 19, 13, 26, 14, 13, 7, 19, 19, 26, 3, 14, 13, 26, 14, 13, 7, 4, 14, 11, 26, 26, 0, 14, 6, 15, 15, 23, 25, 0, 18, 14, 7, 19, 14, 7, 6, 25, 1, 26, 14, 9, 15, 3, 14, 10, 15, 21, 26, 14, 19, 25, 21, 26, 14, 5, 25, 19, 13, 14, 18, 3, 26, 7, 19, 14, 1, 22, 3, 25, 15, 10, 25, 19, 12, 14, 7, 0, 4, 14, 19, 13, 25, 10, 14, 5, 7, 10, 14, 13, 25, 10, 14, 9, 25, 3, 10, 19, 14, 10, 16, 26, 26, 1, 13, 14, 12, 15, 22, 14, 10, 13, 15, 22, 6, 4, 14, 6, 26, 7, 3, 0, 14, 0, 15, 19, 14, 19, 15, 14, 21, 7, 23, 26, 14, 16, 26, 3, 10, 15, 0, 7, 6, 14, 3, 26, 21, 7, 3, 23, 10, 14, 7, 6, 25, 1, 26, 14, 10, 7, 25, 4, 14, 5, 25, 19, 13, 14, 10, 15, 21, 26, 14, 10, 26, 20, 26, 3, 25, 19, 12, 14, 25, 19, 10, 14, 20, 26, 3, 12, 14, 3, 22, 4, 26, 14, 19, 13, 26, 14, 13, 7, 19, 19, 26, 3, 14, 15, 16, 26, 0, 26, 4, 14, 13, 25, 10, 14, 26, 12, 26, 10, 14, 20, 26, 3, 12, 14, 5, 25, 4, 26, 14, 15, 0, 14, 13, 26, 7, 3, 25, 0, 18, 14, 19, 13, 25, 10, 14, 11, 22, 19, 14, 7, 6, 6, 14, 13, 26, 14, 10, 7, 25, 4, 14, 5, 7, 10, 14, 5, 13, 12, 14, 25, 10, 14, 7, 14, 3, 7, 20, 26, 0, 14, 6, 25, 23, 26, 14, 7, 14, 5, 3, 25, 19, 25, 0, 18, 4, 26, 10, 23, 14, 1, 15, 21, 26, 14, 5, 26, 14, 10, 13, 7, 6, 6, 14, 13, 7, 20, 26, 14, 10, 15, 21, 26, 14, 9, 22, 0, 14, 0, 15, 5, 14, 19, 13, 15, 22, 18, 13, 19, 14, 7, 6, 25, 1, 26, 14, 25, 21, 14, 18, 6, 7, 4, 14, 19, 13, 26, 12, 20, 26, 14, 11, 26, 18, 22, 0, 14, 7, 10, 23, 25, 0, 18, 14, 3, 25, 4, 4, 6, 26, 10, 14, 25, 14, 11, 26, 6, 25, 26, 20, 26, 14, 25, 14, 1, 7, 0, 14, 18, 22, 26, 10, 10, 14, 19, 13, 7, 19, 14, 10, 13, 26, 14, 7, 4, 4, 26, 4, 14, 7, 6, 15, 22, 4, 14, 4, 15, 14, 12, 15, 22, 14, 21, 26, 7, 0, 14, 19, 13, 7, 19, 14, 12, 15, 22, 14, 19, 13, 25, 0, 23, 14, 12, 15, 22, 14, 1, 7, 0, 14, 9, 25, 0, 4, 14, 15, 22, 19, 14, 19, 13, 26, 14, 7, 0, 10, 5, 26, 3, 14, 19, 15, 14, 25, 19, 14, 10, 7, 25, 4, 14, 19, 13, 26, 14, 21, 7, 3, 1, 13, 14, 13, 7, 3, 26, 14, 26, 17, 7, 1, 19, 6, 12, 14, 10, 15, 14, 10, 7, 25, 4, 14, 7, 6, 25, 1, 26, 14, 19, 13, 26, 0, 14, 12, 15, 22, 14, 10, 13, 15, 22, 6, 4, 14, 10, 7, 12, 14, 5, 13, 7, 19, 14, 12, 15, 22, 14, 21, 26, 7, 0, 14, 19, 13, 26, 14, 21, 7, 3, 1, 13, 14, 13, 7, 3, 26, 14, 5, 26, 0, 19, 14, 15, 0, 14, 25, 14, 4, 15, 14, 7, 6, 25, 1, 26, 14, 13, 7, 10, 19, 25, 6, 12, 14, 3, 26, 16, 6, 25, 26, 4, 14, 7, 19, 14, 6, 26, 7, 10, 19, 7, 19, 14, 6, 26, 7, 10, 19, 14, 25, 14, 21, 26, 7, 0, 14, 5, 13, 7, 19, 14, 25, 14, 10, 7, 12, 19, 13, 7, 19, 10, 14, 19, 13, 26, 14, 10, 7, 21, 26, 14, 19, 13, 25, 0, 18, 14, 12, 15, 22, 14, 23, 0, 15, 5, 14, 0, 15, 19, 14, 19, 13, 26, 14, 10, 7, 21, 26, 14, 19, 13, 25, 0, 18, 14, 7, 14, 11, 25, 19, 14, 10, 7, 25, 4, 14, 19, 13, 26, 14, 13, 7, 19, 19, 26, 3, 14, 12, 15, 22, 14, 21, 25, 18, 13, 19, 14, 8, 22, 10, 19, 14, 7, 10, 14, 5, 26, 6, 6, 14, 10, 7, 12, 14, 19, 13, 7, 19, 14, 25, 14, 10, 26, 26, 14, 5, 13, 7, 19, 14, 25, 14, 26, 7, 19, 14, 25, 10, 14, 19, 13, 26, 14, 10, 7, 21, 26, 14, 19, 13, 25, 0, 18, 14, 7, 10, 14, 25, 14, 26, 7, 19, 14, 5, 13, 7, 19, 14, 25, 14, 10, 26, 26, 14, 12, 15, 22, 14, 21, 25, 18, 13, 19, 14, 8, 22, 10, 19, 14, 7, 10, 14, 5, 26, 6, 6, 14, 10, 7, 12, 14, 7, 4, 4, 26, 4, 14, 19, 13, 26, 14, 21, 7, 3, 1, 13, 14, 13, 7, 3, 26, 14, 19, 13, 7, 19, 14, 25, 14, 6, 25, 23, 26, 14, 5, 13, 7, 19, 14, 25, 14, 18, 26, 19, 14, 25, 10, 14, 19, 13, 26, 14, 10, 7, 21, 26, 14, 19, 13, 25, 0, 18, 14, 7, 10, 14, 25, 14, 18, 26, 19, 14, 5, 13, 7, 19, 14, 25, 14, 6, 25, 23, 26, 14, 12, 15, 22, 14, 21, 25, 18, 13, 19, 14, 8, 22, 10, 19, 14, 7, 10, 14, 5, 26, 6, 6, 14, 10, 7, 12, 14, 7, 4, 4, 26, 4, 14, 19, 13, 26, 14, 4, 15, 3, 21, 15, 22, 10, 26, 14, 5, 13, 15, 14, 10, 26, 26, 21, 26, 4, 14, 19, 15, 14, 11, 26, 14, 19, 7, 6, 23, 25, 0, 18, 14, 25, 0, 14, 13, 25, 10, 14, 10, 6, 26, 26, 16, 14, 19, 13, 7, 19, 14, 25, 14, 11, 3, 26, 7, 19, 13, 26, 14, 5, 13, 26, 0, 14, 25, 14, 10, 6, 26, 26, 16, 14, 25, 10, 14, 19, 13, 26, 14, 10, 7, 21, 26, 14, 19, 13, 25, 0, 18, 14, 7, 10, 14, 25, 14, 10, 6, 26, 26, 16, 14, 5, 13, 26, 0, 14, 25, 14, 11, 3, 26, 7, 19, 13, 26, 14, 25, 19, 14, 25, 10, 14, 19, 13, 26, 14, 10, 7, 21, 26, 14, 19, 13, 25, 0, 18, 14, 5, 25, 19, 13, 14, 12, 15, 22, 14, 10, 7, 25, 4, 14, 19, 13, 26, 14, 13, 7, 19, 19, 26, 3, 14, 7, 0, 4, 14, 13, 26, 3, 26, 14, 19, 13, 26, 14, 1, 15, 0, 20, 26, 3, 10, 7, 19, 25, 15, 0, 14, 4, 3, 15, 16, 16, 26, 4, 14, 7, 0, 4, 14, 19, 13, 26, 14, 16, 7, 3, 19, 12, 14, 10, 7, 19, 14, 10, 25, 6, 26, 0, 19, 14, 9, 15, 3, 14, 7, 14, 21, 25, 0, 22, 19, 26, 14, 5, 13, 25, 6, 26, 14, 7, 6, 25, 1, 26, 14, 19, 13, 15, 22, 18, 13, 19, 14, 15, 20, 26, 3, 14, 7, 6, 6, 14, 10, 13, 26, 14, 1, 15, 22, 6, 4, 14, 3, 26, 21, 26, 21, 11, 26, 3, 14, 7, 11, 15, 22, 19, 14, 3, 7, 20, 26, 0, 10, 14, 7, 0, 4, 14, 5, 3, 25, 19, 25, 0, 18, 4, 26, 10, 23, 10, 14, 5, 13, 25, 1, 13, 14, 5, 7, 10, 0, 19, 14, 21, 22, 1, 13, 14, 19, 13, 26, 14, 13, 7, 19, 19, 26, 3, 14, 5, 7, 10, 14, 19, 13, 26, 14, 9, 25, 3, 10, 19, 14, 19, 15, 14, 11, 3, 26, 7, 23, 14, 19, 13, 26, 14, 10, 25, 6, 26, 0, 1, 26, 14, 5, 13, 7, 19, 14, 4, 7, 12, 14, 15, 9, 14, 19, 13, 26, 14, 21, 15, 0, 19, 13, 14, 25, 10, 14, 25, 19, 14, 13, 26, 14, 10, 7, 25, 4, 14, 19, 22, 3, 0, 25, 0, 18, 14, 19, 15, 14, 7, 6, 25, 1, 26, 14, 13, 26, 14, 13, 7, 4, 14, 19, 7, 23, 26, 0, 14, 13, 25, 10, 14, 5, 7, 19, 1, 13, 14, 15, 22, 19, 14, 15, 9, 14, 13, 25, 10, 14, 16, 15, 1, 23, 26, 19, 14, 7, 0, 4, 14, 5, 7, 10, 14, 6, 15, 15, 23, 25, 0, 18, 14, 7, 19, 14, 25, 19, 14, 22, 0, 26, 7, 10, 25, 6, 12, 14, 10, 13, 7, 23, 25, 0, 18, 14, 25, 19, 14, 26, 20, 26, 3, 12, 14, 0, 15, 5, 14, 7, 0, 4, 14, 19, 13, 26, 0, 14, 7, 0, 4, 14, 13, 15, 6, 4, 25, 0, 18, 14, 25, 19, 14, 19, 15, 14, 13, 25, 10, 14, 26, 7, 3, 14, 7, 6, 25, 1, 26, 14, 1, 15, 0, 10, 25, 4, 26, 3, 26, 4, 14, 7, 14, 6, 25, 19, 19, 6, 26, 14, 7, 0, 4, 14, 19, 13, 26, 0, 14, 10, 7, 25, 4, 14, 19, 13, 26, 14, 9, 15, 22, 3, 19, 13, 14, 19, 5, 15, 14, 4, 7, 12, 10, 14, 5, 3, 15, 0, 18, 14, 10, 25, 18, 13, 26, 4, 14, 19, 13, 26, 14, 13, 7, 19, 19, 26, 3, 14, 25, 14, 19, 15, 6, 4, 14, 12, 15, 22, 14, 11, 22, 19, 19, 26, 3, 14, 5, 15, 22, 6, 4, 0, 19, 14, 10, 22, 25, 19, 14, 19, 13, 26, 14, 5, 15, 3, 23, 10, 14, 13, 26, 14, 7, 4, 4, 26, 4, 14, 6, 15, 15, 23, 25, 0, 18, 14, 7, 0, 18, 3, 25, 6, 12, 14, 7, 19, 14, 19, 13, 26, 14, 21, 7, 3, 1, 13, 14, 13, 7, 3, 26, 14, 25, 19, 14, 5, 7, 10, 14, 19, 13, 26, 14, 11, 26, 10, 19, 14, 11, 22, 19, 19, 26, 3, 14, 19, 13, 26, 14, 21, 7, 3, 1, 13, 14, 13, 7, 3, 26, 14, 21, 26, 26, 23, 6, 12, 14, 3, 26, 16, 6, 25, 26, 4, 14, 12, 26, 10, 14, 11, 22, 19, 14, 10, 15, 21, 26, 14, 1, 3, 22, 21, 11, 10, 14, 21, 22, 10, 19, 14, 13, 7, 20, 26, 14, 18, 15, 19, 14, 25, 0, 14, 7, 10, 14, 5, 26, 6, 6, 14, 19, 13, 26, 14, 13, 7, 19, 19, 26, 3, 14, 18, 3, 22, 21, 11, 6, 26, 4, 14, 12, 15, 22, 14, 10, 13, 15, 22, 6, 4, 0, 19, 14, 13, 7, 20, 26, 14, 16, 22, 19, 14, 25, 19, 14, 25, 0, 14, 5, 25, 19, 13, 14, 19, 13, 26, 14, 11, 3, 26, 7, 4, 23, 0, 25, 9, 26, 14, 19, 13, 26, 14, 21, 7, 3, 1, 13, 14, 13, 7, 3, 26, 14, 19, 15, 15, 23, 14, 19, 13, 26, 14, 5, 7, 19, 1, 13, 14, 7, 0, 4, 14, 6, 15, 15, 23, 26, 4, 14, 7, 19, 14, 25, 19, 14, 18, 6, 15, 15, 21, 25, 6, 12, 14, 19, 13, 26, 0, 14, 13, 26, 14, 4, 25, 16, 16, 26, 4, 14, 25, 19, 14, 25, 0, 19, 15, 14, 13, 25, 10, 14, 1, 22, 16, 14, 15, 9, 14, 19, 26, 7, 14, 7, 0, 4, 14, 6, 15, 15, 23, 26, 4, 14, 7, 19, 14, 25, 19, 14, 7, 18, 7, 25, 0, 14, 11, 22, 19, 14, 13, 26, 14, 1, 15, 22, 6, 4, 14, 19, 13, 25, 0, 23, 14, 15, 9, 14, 0, 15, 19, 13, 25, 0, 18, 14, 11, 26, 19, 19, 26, 3, 14, 19, 15, 14, 10, 7, 12, 14, 19, 13, 7, 0, 14, 13, 25, 10, 14, 9, 25, 3, 10, 19, 14, 3, 26, 21, 7, 3, 23, 14, 25, 19, 14, 5, 7, 10, 14, 19, 13, 26, 14, 11, 26, 10, 19, 14, 11, 22, 19, 19, 26, 3, 14, 12, 15, 22, 14, 23, 0, 15, 5, 14, 7, 6, 25, 1, 26, 14, 13, 7, 4, 14, 11, 26, 26, 0, 14, 6, 15, 15, 23, 25, 0, 18, 14, 15, 20, 26, 3, 14, 13, 25, 10, 14, 10, 13, 15, 22, 6, 4, 26, 3, 14, 5, 25, 19, 13, 14, 10, 15, 21, 26, 14, 1, 22, 3, 25, 15, 10, 25, 19, 12, 14, 5, 13, 7, 19, 14, 7, 14, 9, 22, 0, 0, 12, 14, 5, 7, 19, 1, 13, 14, 10, 13, 26, 14, 3, 26, 21, 7, 3, 23, 26, 4, 14, 25, 19, 14, 19, 26, 6, 6, 10, 14, 19, 13, 26, 14, 4, 7, 12, 14, 15, 9, 14, 19, 13, 26, 14, 21, 15, 0, 19, 13, 14, 7, 0, 4, 14, 4, 15, 26, 10, 0, 19, 14, 19, 26, 6, 6, 14, 5, 13, 7, 19, 14, 15, 1, 6, 15, 1, 23, 14, 25, 19, 14, 25, 10, 14]
hint4= [-1, 11, 1, -1, -1, 9, 18, 13, 25, -1, 23, -1, -1, 0, 15, 16, -1, -1, -1, -1, -1, -1, 5, 17, 12, 2, -1]
###### Exercise 5
C5= [15, 1, 19, 19, 23, 14, 17, 3, 26, 9, 19, 26, 19, 2, 15, 20, 17, 7, 5, 19]
